0001000010010011
0001000110010100
0001001010010101
0001001110010110
0001010010010111
0001010110011000
0001011010011001
0001011110011010
0001100010011011
0001100110011100
0001101010011101
0001101110011110
0001110010011111
0001110110000000
0001111010100001
0001111110100010
0001000010100011
0001000110100100
0001001010100101
0001001100100110
0001010000100111
0001010100101000
0001011000101001
0001011100101010
0001100000101011
0001100100101100
0001101000101101
0001101100101110
0001110000101111
0001110100110000
0001111000110001
0001111100110010
0011000000110011
0011000100110100
0011001000110101
0011001100110110
0011010000110111
0011010100111000
0011011000111001
0011011100111010
0011100000111011
0011100100111100
0011101000111101
0011101100111110
0011110000111111
0011110101000000
0011111001000001
0011111101000010
0011000001000011
0011000101000100
0011001001000101
0011001101000110
0011010001000111
0011010101001000
0011011001001001
0011011101001010
0011100001001011
0011100101001100
0011101001001101
0011101101001110
0011110001001111
0011110101010000
0011111001010001
0011101101010010
0101000001010011
0101000101010100
0101001001010101
0101001101010110
0101000001010111
0101000101011000
0101001001011001
0101001101011010
0101100001011011
0101100101011100
0101101001011101
0101101101011110
0101100001011111
0101100101100000
0101101001100001
0101101101100010
0101000001100011
0101000101100100
0101001001100101
0101001101100110
0101000001100111
0101000101101000
0101001001101001
0101001101101010
0101100001101011
0101100101101100
0101101001101101
0101101101101110
0101100011101111
0101100111110000
0101101010110001
0101101110110010
0100000010110011
0100000110110100
0100001010110101
0100001110110110
0100000010110111
0100000110111000
0100001010111001
0100001110111010
0100100010111011
0100100110111100
0100101010111101
0100101110111110
0100100010111111
0100100100000000
0100101000000001
0100101100000010
0101000000000011
0101000100000100
0101001000000101
0101001100000110
0101000000000111
0101000100001000
0101001000001001
0101001100001010
0101100000001011
0101100100001100
0101101000001101
0101101100001110
0101100000001111
0101100100010000
0101101000010001
0101101100010010
1000000000010011
1000000100010100
1000001000010101
1000001100010110
1000000000010111
1000000100011000
1000001000011001
1000001100011010
1000100000011011
1000100100011100
1000101000011101
1000101100011110
1000100000011111
1000100100100000
1000101000100001
1000101100100010
1001000000100011
1001000100100100
1001001000100101
1001001100100110
1001000000100111
1001000100101000
1001001000101001
1001001100101010
1001100000101011
1001100100101100
1001101000101101
1001101100101110
1001100000101111
1001100100110000
1001101000110001
1001101100110010
1000000000110011
1010000100110100
1010001000110101
1010001100110110
1010000000110111
1010000100111000
0010001000111001
0010001100111010
0010100000111011
0010100100111100
0010101000111101
0010101100111110
0010100000111111
0010100100000000
0010101000000001
0010101100000010
0011000000000011
0011000100000100
0011001000000101
0011001100000110
0011000010000111
0011000111001000
0011001011001001
0011001111001010
0011100011001011
0011100111001100
0011101011001101
0011101111001110
0011100011001111
0011100111010000
0011101011010001
0011101111010010
0100000011010011
0100000111010100
0100001011010101
0100001111010110
0100000011010111
0100000111011000
0100001011011001
0100001111011010
0100100011011011
0100100111011100
0100101011011101
0100101111011110
0100100011011111
0100100111100000
0100101011100001
0100101111100010
0101000011100011
0101000111100100
0101001011100101
0101001111100110
0101000011100111
0101000111101000
0101001011101001
0101001111101010
0101100011101011
0101100111101100
0101101011101101
0101101111101110
0101100011101111
0101100111110000
0101101011110001
0101101111110010
0110000011110011
0110000111110100
0110001011110101
0110001111110110
0110000011110111
0110000111111000
0110001011111001
0110001111111010
0110100011111011
0110100111111100
0110101011111101
0110101111111110
0110100011111111
0110100110000000
0110101010000001
1110101110000010
1111000010000011
1011000110000100
1011001010000101
1011001110000110
1011000010000111
1011000110001000
1011001010001001
1011001110001010
1011100010001011
1011100110001100
1011101010001101
1011101110001110
1011100010001111
1011100110010000
1011101010010001
1011101110010010